﻿"公表_年月日","全国地方公共団体コード","都道府県名","陽性確認_件数","陽性確認_件数_累計","入院者数_累計","現在感染者数","入院者数","重症","死亡者_累計","退院者_累計","宿泊療養者数","宿泊療養室数","自宅療養数","感染症対応病床数","県内PCR検査数","県内PCR検査数_陽性確認","陽性率","入院者中の患者数","入院者中の無症状病原体保有者数","備考",,,,,,,
"2020-01-28","290009","奈良県","1","1",,,,,,,,,,"24",,,,,,,,,,,,,
"2020-03-06","290009","奈良県","3","4",,,,,,,,,,"24",,,,,,,,,,,,,
"2020-03-09","290009","奈良県","2","6",,,,,,,,,,"24",,,,,,,,,,,,,
"2020-03-10","290009","奈良県","1","7",,,,,,,,,,"24",,,,,,,,,,,,,
"2020-03-11","290009","奈良県","1","8","13",,"5",,"0","8",,,,"24",,,,"3","2",,,,,,,,
"2020-03-22","290009","奈良県","1","9","14",,"3",,"0","11",,,,"64",,,,"3","0","感染症指定医療機関における指定病床数に加え一般病床40床を確保",,,,,,,
"2020-03-28","290009","奈良県","2","11","16",,"3",,"0","13",,,,"64",,,,"3","0",,,,,,,,
"2020-04-01","290009","奈良県","4","15","20",,"7",,"0","13",,,,"64","29","4","3.72%","7","0",,,,,,,,
"2020-04-02","290009","奈良県","4","19","24",,"10",,"0","14",,,,"64","25","3","5.43%","10","0",,,,,,,,
"2020-04-03","290009","奈良県","2","21","26",,"12",,"0","14",,,,"64","23","4","7.92%","12","0",,,,,,,,
"2020-04-04","290009","奈良県","3","24","29",,"15",,"0","14",,,,"64","28","0","6.82%","13","2",,,,,,,,
"2020-04-05","290009","奈良県","1","25","30",,"16",,"0","14",,,,"64","26","2","7.92%","14","2",,,,,,,,
"2020-04-06","290009","奈良県","1","26","31",,"17",,"0","14",,,,"64","28","1","8.43%","15","2",,,,,,,,
"2020-04-07","290009","奈良県","2","28","33",,"19",,"0","14",,,,"64","21","1","8.46%","17","2",,,,,,,,
"2020-04-08","290009","奈良県","2","30","35",,"21",,"0","14",,,,"64","28","2","7.51%","19","2",,,,,,,,
"2020-04-09","290009","奈良県","4","34","39",,"24",,"0","15",,,,"64","45","4","7.06%","21","3",,,,,,,,
"2020-04-10","290009","奈良県","3","37","42",,"27",,"0","15",,,,"64","42","4","5.94%","24","3",,,,,,,,
"2020-04-11","290009","奈良県","2","39","44",,"29",,"0","15",,,,"64","35","3","7.16%","26","3",,,,,,,,
"2020-04-12","290009","奈良県","2","41","46",,"31",,"0","15",,,,"64","26","1","6.62%","28","3",,,,,,,,
"2020-04-13","290009","奈良県","3","44","49",,"32",,"0","17",,,,"64","36","3","7.30%","29","3",,,,,,,,
"2020-04-14","290009","奈良県","3","47","52",,"35",,"0","17",,,,"64","44","5","8.24%","32","3",,,,,,,,
"2020-04-15","290009","奈良県","6","53","58",,"40",,"0","18",,,,"64","31","4","9.06%","37","3",,,,,,,,
"2020-04-16","290009","奈良県","1","54","59",,"40",,"1","18",,,,"64","62","1","8.02%","37","3",,,,,,,,
"2020-04-17","290009","奈良県","2","56","56",,"42",,"1","13",,,,"64","67","3","7.30%","38","4","入院者数_累計及び退院者_累計からクルーズ船乗客5名分を除外",,,,,,,
"2020-04-18","290009","奈良県","4","60","60",,"43",,"1","16",,,,"64","48","2","6.67%","38","5",,,,,,,,
"2020-04-19","290009","奈良県","2","62","62",,"45",,"1","16",,,,"64","37","1","6.51%","40","5",,,,,,,,
"2020-04-20","290009","奈良県","2","64","64",,"42",,"1","21",,,,"64","81","9","6.91%","39","3",,,,,,,,
"2020-04-21","290009","奈良県","9","73","71",,"48",,"1","22",,,,"64","43","2","5.95%","42","6","入院調整中で2名未入院",,,,,,,
"2020-04-22","290009","奈良県","2","75","75",,"50",,"1","24",,,,"64","46","1","4.41%","44","6",,,,,,,,
"2020-04-23","290009","奈良県","1","76","76",,"49",,"1","26",,,,"64","62","0","4.18%","43","6",,,,,,,,
"2020-04-24","290009","奈良県","1","77","77",,"46",,"1","30",,,,"64","77","0","3.54%","40","6",,,,,,,,
"2020-04-25","290009","奈良県","0","77","77",,"46",,"1","30",,,,"64","65","2","3.39%",,,,,,,,,,
"2020-04-26","290009","奈良県","0","77","77",,"46",,"1","30",,,,"64","66","0","3.00%",,,,,,,,,,
"2020-04-27","290009","奈良県","2","79","79","45","42","4","1","33","3","108","0","64","36","1","1.81%",,,,,,,,,,
"2020-04-28","290009","奈良県","2","81","81","46","43","4","1","34","3","108","0","64","58","2","1.64%",,,,,,,,,,
"2020-04-29","290009","奈良県","2","83","83","45","40","5","1","37","5","108","0","64","35","1","1.74%",,,,,,,,,,
"2020-04-30","290009","奈良県","0","83","83","44","39","5","1","38","5","108","0","64","102","3","2.16%",,,,,,,,,,
"2020-05-01","290009","奈良県","3","86","86","44","41","3","1","41","3","108","0","240","51","0","2.16%",,,,,,,,,,
"2020-05-02","290009","奈良県","0","86","86","43","40","3","1","42","3","108","0","240","93","1","1.87%",,,,,,,,,,
"2020-05-03","290009","奈良県","1","87","87","40","38","3","1","46","2","108","0","240","41","0","1.87%",,,,,,,,,,
"2020-05-04","290009","奈良県","0","87","87","36","33","1","2","49","3","108","0","240","27","0","1.47%",,,,,,,,,,
"2020-05-05","290009","奈良県","1","88","88","35","32","1","2","51","3","108","0","240","44","1","1.31%",,,,,,,,,,
"2020-05-06","290009","奈良県","0","88","88","32","29","1","2","54","3","108","0","240","35","1","1.31%",,,,,,,,,,
"2020-05-07","290009","奈良県","0","88","88","26","23","1","2","60","3","108","0","240","50","1","1.17%",,,,,,,,,,
"2020-05-08","290009","奈良県","1","89","89","25","22","1","2","62","3","108","0","240","76","0","1.17%",,,,,,,,,,
"2020-05-09","290009","奈良県","1","90","90","22","19","1","2","66","3","108","0","240","54","1","1.28%",,,,,,,,,,
"2020-05-10","290009","奈良県","0","90","90","21","19","0","2","67","2","108","0","240","45","0","1.28%",,,,,,,,,,
"2020-05-11","290009","奈良県","0","90","90","21","19","0","2","67","2","108","0","240","35","0","1.28%",,,,,,,,,,
"2020-05-12","290009","奈良県","0","90","90","20","18","0","2","68","2","108","0","240","56","0","0.96%",,,,,,,,,,
"2020-05-13","290009","奈良県","0","90","90","18","16","0","2","70","2","108","0","240","104","0","0.55%",,,,,,,,,,
"2020-05-14","290009","奈良県","0","90","90","14","13","0","2","74","1","108","0","240","44","0","0.26%",,,,,,,,,,
"2020-05-15","290009","奈良県","0","90","90","12","11","0","2","76","1","108","0","240","101","0","0.26%",,,,,,,,,,
"2020-05-16","290009","奈良県","0","90","90","11","10","0","2","77","1","108","0","240","51","0","0.00%",,,,,,,,,,
"2020-05-17","290009","奈良県","0","90","90","9","8","0","2","79","1","108","0","240","21","0","0.00%",,,,,,,,,,
"2020-05-18","290009","奈良県","0","90","90","9","8","0","2","79","1","108","0","240","58","0","0.00%",,,,,,,,,,
"2020-05-19","290009","奈良県","0","90","90","7","6","0","2","81","1","108","0","240","52","0","0.00%",,,,,,,,,,
"2020-05-20","290009","奈良県","1","91","91","8","7","0","2","81","1","108","0","240","58","0","0.00%",,,,,,,,,,
"2020-05-21","290009","奈良県","0","91","91","7","6","0","2","82","1","108","0","240","39","0","0.00%",,,,,,,,,,
"2020-05-22","290009","奈良県","0","91","91","7","6","0","2","82","1","108","0","318","72","0","0.00%",,,,,,,,,,
"2020-05-23","290009","奈良県","0","91","91","7","6","0","2","82","1","108","0","318","21","0","0.00%",,,,,,,,,,
"2020-05-24","290009","奈良県","0","91","91","7","6","0","2","82","1","108","0","318","34","0","0.00%",,,,,,,,,,
"2020-05-25","290009","奈良県","0","91","91","7","6","0","2","82","1","108","0","318","25","0","0.00%",,,,,,,,,,
"2020-05-26","290009","奈良県","0","91","91","5","3","0","2","84","2","108","0","318","43","0","0.00%",,,,,,,,,,
"2020-05-27","290009","奈良県","1","92","92","6","4","0","2","84","2","108","0","318","47","1","0.30%",,,,,,,,,,
"2020-05-28","290009","奈良県","0","92","92","5","3","0","2","85","2","108","0","318","49","0","0.30%",,,,,,,,,,
"2020-05-29","290009","奈良県","0","92","92","4","3","0","2","86","1","108","0","318","62","0","0.30%",,,,,,,,,,
"2020-05-30","290009","奈良県","0","92","92","2","2","0","2","88","0","108","0","318","28","0","0.30%",,,,,,,,,,
"2020-05-31","290009","奈良県","0","92","92","2","2","0","2","88","0","108","0","318","25","0","0.30%",,,,,,,,,,
"2020-06-01","290009","奈良県","0","92","92","2","2","0","2","88","0","108","0","318","26","0","0.30%",,,,,,,,,,
"2020-06-02","290009","奈良県","0","92","92","2","2","0","2","88","0","108","0","318","33","0","0.30%",,,,,,,,,,
"2020-06-03","290009","奈良県","0","92","92","1","1","0","2","89","0","108","0","318","77","0","0.00%",,,,,,,,,,
"2020-06-04","290009","奈良県","0","92","92","1","1","0","2","89","0","108","0","318","46","0","0.00%",,,,,,,,,,
"2020-06-05","290009","奈良県","0","92","92","1","1","0","2","89","0","108","0","318","61","0","0.00%",,,,,,,,,,
"2020-06-06","290009","奈良県","0","92","92","1","1","0","2","89","0","108","0","318","44","0","0.00%",,,,,,,,,,
"2020-06-07","290009","奈良県","0","92","92","1","1","0","2","89","0","108","0","318","38","0","0.00%",,,,,,,,,,
"2020-06-08","290009","奈良県","0","92","92","1","1","0","2","89","0","108","0","318","78","0","0.00%",,,,,,,,,,
"2020-06-09","290009","奈良県","0","92","92","1","1","0","2","89","0","108","0","318","49","0","0.00%",,,,,,,,,,
"2020-06-10","290009","奈良県","0","92","92","1","1","0","2","89","0","108","0","318","43","0","0.00%",,,,,,,,,,
"2020-06-11","290009","奈良県","0","92","92","1","1","0","2","89","0","108","0","318","37","0","0.00%",,,,,,,,,,
"2020-06-12","290009","奈良県","0","92","92","1","1","0","2","89","0","108","0","318","64","0","0.00%",,,,,,,,,,
"2020-06-13","290009","奈良県","0","92","92","0","0","0","2","90","0","108","0","318","23","0","0.00%",,,,,,,,,,
"2020-06-14","290009","奈良県","0","92","92","0","0","0","2","90","0","108","0","318","26","0","0.00%",,,,,,,,,,
"2020-06-15","290009","奈良県","0","92","92","0","0","0","2","90","0","108","0","318","43","0","0.00%",,,,,,,,,,
"2020-06-16","290009","奈良県","0","92","92","0","0","0","2","90","0","108","0","318","42","0","0.00%",,,,,,,,,,
"2020-06-17","290009","奈良県","0","92","92","0","0","0","2","90","0","108","0","318","49","0","0.00%",,,,,,,,,,
"2020-06-18","290009","奈良県","0","92","92","0","0","0","2","90","0","108","0","318","44","0","0.00%",,,,,,,,,,
"2020-06-19","290009","奈良県","0","92","92","0","0","0","2","90","0","108","0","318","53","0","0.00%",,,,,,,,,,
"2020-06-20","290009","奈良県","0","92","92","0","0","0","2","90","0","108","0","318","14","0","0.00%",,,,,,,,,,
"2020-06-21","290009","奈良県","0","92","92","0","0","0","2","90","0","108","0","318","11","0","0.00%",,,,,,,,,,
"2020-06-22","290009","奈良県","0","92","92","0","0","0","2","90","0","108","0","318","27","0","0.00%",,,,,,,,,,
"2020-06-23","290009","奈良県","0","92","92","0","0","0","2","90","0","108","0","318","43","0","0.00%",,,,,,,,,,
"2020-06-24","290009","奈良県","0","92","92","0","0","0","2","90","0","108","0","318","43","0","0.00%",,,,,,,,,,
"2020-06-25","290009","奈良県","0","92","92","0","0","0","2","90","0","108","0","318","33","0","0.00%",,,,,,,,,,
"2020-06-26","290009","奈良県","0","92","92","0","0","0","2","90","0","108","0","318","56","0","0.00%",,,,,,,,,,
"2020-06-27","290009","奈良県","0","92","92","0","0","0","2","90","0","108","0","318","21","0","0.00%",,,,,,,,,,
"2020-06-28","290009","奈良県","0","92","92","0","0","0","2","90","0","108","0","318","8","0","0.00%",,,,,,,,,,
"2020-06-29","290009","奈良県","0","92","92","0","0","0","2","90","0","108","0","318","23","0","0.00%",,,,,,,,,,
"2020-06-30","290009","奈良県","0","92","92","0","0","0","2","90","0","108","0","318","39","0","0.00%",,,,,,,,,,
"2020-07-01","290009","奈良県","0","92","92","0","0","0","2","90","0","108","0","318","53","0","0.00%",,,,,,,,,,
"2020-07-02","290009","奈良県","0","92","92","0","0","0","2","90","0","108","0","318","42","0","0.00%",,,,,,,,,,
"2020-07-03","290009","奈良県","0","92","92","0","0","0","2","90","0","108","0","318","71","1","0.20%",,,,,,,,,,
"2020-07-04","290009","奈良県","1","93","93","1","1","0","2","90","0","108","0","434","44","2","0.65%",,,,,,,,,,
"2020-07-05","290009","奈良県","2","95","95","3","3","0","2","90","0","108","0","434","40","1","0.56%",,,,,,,,,,
"2020-07-06","290009","奈良県","1","96","96","4","4","0","2","90","0","108","0","434","52","1","1.13%",,,,,,,,,,
"2020-07-07","290009","奈良県","2","98","98","6","6","0","2","90","0","108","0","434","81","2","1.56%",,,,,,,,,,
"2020-07-08","290009","奈良県","2","100","100","8","8","0","2","90","0","108","0","434","135","3","1.80%",,,,,,,,,,
"2020-07-09","290009","奈良県","2","102","102","10","10","0","2","90","0","108","0","434","76","2","2.21%",,,,,,,,,,
"2020-07-10","290009","奈良県","5","107","107","15","15","0","2","90","0","108","0","434","187","10","2.92%",,,,,,,,,,
"2020-07-11","290009","奈良県","7","114","114","22","22","0","2","90","0","108","0","434","601","1","2.35%",,,,,,,,,,
"2020-07-12","290009","奈良県","5","119","119","27","27","0","2","90","0","108","0","434","549","7","2.62%",,,,,,,,,,
"2020-07-13","290009","奈良県","4","123","123","30","30","0","2","91","0","108","0","434","329","4","2.28%",,,,,,,,,,
"2020-07-14","290009","奈良県","3","126","126","33","33","0","2","91","0","108","0","434","522","4","2.13%",,,,,,,,,,
"2020-07-15","290009","奈良県","5","131","131","37","37","0","2","92","0","108","0","434","422","8","2.11%",,,,,,,,,,
"2020-07-16","290009","奈良県","7","138","138","38","38","0","2","98","0","108","0","434","184","2","1.78%",,,,,,,,,,
"2020-07-17","290009","奈良県","5","143","143","41","41","0","2","100","0","108","0","434","212","3","1.73%",,,,,,,,,,
"2020-07-18","290009","奈良県","8","151","151","46","46","1","2","103","0","108","0","434","146","8","1.70%",,,,,,,,,,
"2020-07-19","290009","奈良県","3","154","154","49","49","1","2","103","0","108","0","434","87","3","1.59%",,,,,,,,,,
"2020-07-20","290009","奈良県","2","156","156","49","49","1","2","105","0","108","0","434","116","8","2.68%",,,,,,,,,,
"2020-07-21","290009","奈良県","7","163","163","47","47","1","2","114","0","108","0","434","129","8","2.90%",,,,,,,,,,
"2020-07-22","290009","奈良県","8","171","171","47","44","1","2","122","3","108","0","434","104","15","4.95%",,,,,,,,,,
"2020-07-23","290009","奈良県","13","184","184","58","55","1","2","124","3","108","0","434","71","8","5.11%",,,,,,,,,,
"2020-07-24","290009","奈良県","11","195","195","67","64","1","2","126","3","108","0","434","92","6","6.34%",,,,,,,,,,
"2020-07-25","290009","奈良県","5","200","200","72","68","1","2","126","4","108","0","434","84","4","7.50%",,,,,,,,,,
"2020-07-26","290009","奈良県","5","205","205","69","67","1","2","134","2","108","0","434","71","5","7.97%",,,,,,,,,,
"2020-07-27","290009","奈良県","4","209","209","71","69","2","2","136","2","108","0","434","67","0","7.15%",,,,,,,,,,
"2020-07-28","290009","奈良県","6","215","215","67","66","1","2","146","1","108","0","434",,,,,,,,,,,,,
"2020-07-29","290009","奈良県","6","221","221","66","63","1","2","153","3","108","0","434",,,,,,,,,,,,,
"2020-07-30","290009","奈良県","7","228","228","66","62","1","2","160","4","108","0","434",,,,,,,,,,,,,
"2020-07-31","290009","奈良県","7","235","235","55","52","0","2","178","3","108","0","467",,,,,,,,,,,,,
"2020-08-01","290009","奈良県","21","256","256","75","72","1","2","179","3","108","0","467",,,,,,,,,,,,,
"2020-08-02","290009","奈良県","8","264","264","81","78","1","2","181","3","108","0","467",,,,,,,,,,,,,
"2020-08-03","290009","奈良県","8","272","272","82","81","1","2","188","1","108","0","467",,,,,,,,,,,,,
"2020-08-04","290009","奈良県","5","277","277","76","72","1","2","199","4","108","0","467",,,,,,,,,,,,,