﻿グラフ非表示,年,月,日,日検査数,検査累計,日陽性数,陽性累計,日患者数,患者累計,日軽症中等症数,軽症中等症累計,日重症数,重症累計,日死亡数,死亡累計,日治療終了数,治療終了累計,備考
,2020,1,28,,,1,1,1,1,,,,,0,0,,,データは日毎の人数で、空白は発表されていないデータである
,2020,1,29,,,0,1,0,1,,,,,0,0,,,
x,2020,1,30,,,0,1,0,1,,,,,0,0,,,
x,2020,1,31,,,0,1,0,1,,,,,0,0,,,
x,2020,2,1,,,0,1,0,1,,,,,0,0,,,
x,2020,2,2,,,0,1,0,1,,,,,0,0,,,
x,2020,2,3,,,0,1,0,1,,,,,0,0,,,
x,2020,2,4,,,0,1,0,1,,,,,0,0,,,
x,2020,2,5,,,0,1,0,1,,,,,0,0,,,
x,2020,2,6,,,0,1,0,1,,,,,0,0,,,
x,2020,2,7,,,0,1,0,1,,,,,0,0,,,
x,2020,2,8,,,0,1,0,1,,,,,0,0,,,
x,2020,2,9,,,0,1,0,1,,,,,0,0,,,
x,2020,2,10,,,0,1,0,1,,,,,0,0,,,
x,2020,2,11,,,0,1,0,1,,,,,0,0,,,
,2020,2,12,,,0,1,0,1,,,,,0,0,,,
,2020,2,13,,,0,1,0,1,,,,,0,0,,,
,2020,2,14,,,1,2,0,1,,,,,0,0,1,1,
,2020,2,15,,,0,2,0,1,,,,,0,0,0,1,
,2020,2,16,,,0,2,0,1,,,,,0,0,0,1,
,2020,2,17,,,0,2,0,1,,,,,0,0,0,1,
,2020,2,18,,,1,3,1,2,,,,,0,0,0,1,
,2020,2,19,,,2,5,2,4,,,,,0,0,0,1,
,2020,2,20,,,0,5,0,4,,,,,0,0,0,1,
,2020,2,21,,,3,8,3,7,,,,,0,0,0,1,
,2020,2,22,,,10,18,10,17,,,,,0,0,0,1,
,2020,2,23,,,8,26,8,25,,,,,0,0,0,1,
,2020,2,24,,,4,30,4,29,,,,,0,0,0,1,
,2020,2,25,,,5,35,4,33,,,,,1,1,0,1,
,2020,2,26,,,4,39,4,37,,,,,0,1,0,1,
,2020,2,27,,,15,54,14,51,,,,,1,2,0,1,
,2020,2,28,,,12,66,11,62,,,,,0,2,1,2,
,2020,2,29,,,4,70,2,64,,,,,1,3,1,3,
,2020,3,1,,,2,72,-3,61,,,,,0,3,5,8,
,2020,3,2,,,5,77,1,62,,,,,0,3,4,12,
,2020,3,3,604,604,2,79,-7,55,,,,,0,3,9,21,検査数については、3月3日からの発表のため、このデータはこれまでの累計である
,2020,3,4,110,714,3,82,2,57,,,,,0,3,1,22,
,2020,3,5,77,791,1,83,-3,54,,,,,0,3,4,26,
,2020,3,6,101,892,7,90,1,55,,,,,0,3,6,32,
,2020,3,7,86,978,8,98,6,61,55,55,6,6,0,3,2,34,軽症中等症、重傷については、3月7日からの発表のため、このデータはこれまでの累計である
,2020,3,8,55,1033,3,101,-4,57,-5,50,1,7,0,3,7,41,軽症中等症、重傷については、3月7日からの発表のため、ここからは日ごとの数である
,2020,3,9,36,1069,7,108,5,62,6,56,-1,6,0,3,2,43,
,2020,3,10,25,1094,3,111,-3,59,-4,52,1,7,0,3,6,49,
,2020,3,11,80,1174,7,118,3,62,3,55,0,7,0,3,4,53,
,2020,3,12,76,1250,10,128,9,71,10,65,-1,6,1,4,0,53,
,2020,3,13,73,1323,9,137,7,78,7,72,0,6,0,4,2,55,
,2020,3,14,87,1410,7,144,4,82,2,74,2,8,0,4,3,58,
,2020,3,15,52,1462,4,148,0,82,-1,73,1,9,1,5,3,61,
,2020,3,16,28,1490,4,152,-2,80,1,74,-3,6,1,6,5,66,
,2020,3,17,25,1515,0,152,-6,74,-6,68,0,6,0,6,6,72,
,2020,3,18,72,1587,2,154,1,75,1,69,0,6,0,6,1,73,
,2020,3,19,65,1652,3,157,-5,70,-5,64,0,6,0,6,8,81,
,2020,3,20,55,1707,1,158,-2,68,-4,60,2,8,0,6,3,84,
,2020,3,21,48,1755,1,159,-2,66,-2,58,0,8,0,6,3,87,
,2020,3,22,20,1775,3,162,-6,60,-5,53,-1,7,0,6,9,96,
,2020,3,23,19,1794,0,162,-1,59,-1,52,0,7,0,6,1,97,
,2020,3,24,27,1821,1,163,-2,57,-1,51,-1,6,0,6,3,100,
,2020,3,25,67,1888,4,167,-2,55,-3,48,1,7,1,7,5,105,
,2020,3,26,41,1929,1,168,-15,40,-15,33,0,7,0,7,16,121,
,2020,3,27,47,1976,1,169,-1,39,-1,32,0,7,0,7,2,123,
,2020,3,28,38,2014,3,172,2,41,2,34,0,7,0,7,1,124,
,2020,3,29,50,2064,4,176,3,44,1,35,2,9,0,7,1,125,
,2020,3,30,12,2076,1,177,-5,39,-2,33,-3,6,0,7,6,131,
,2020,3,31,20,2096,0,177,-1,38,-1,32,0,6,0,7,1,132,
,2020,4,1,68,2164,5,182,4,42,4,36,0,6,0,7,1,133,
,2020,4,2,53,2217,3,185,0,42,1,37,-1,5,1,8,2,135,
,2020,4,3,79,2296,5,190,1,43,1,38,0,5,0,8,4,139,
,2020,4,4,67,2363,3,193,0,43,-1,37,1,6,0,8,3,142,
,2020,4,5,66,2429,1,194,1,44,1,38,0,6,0,8,0,142,
,2020,4,6,14,2443,0,194,-2,42,-1,37,-1,5,1,9,1,143,
,2020,4,7,45,2488,4,198,4,46,4,41,0,5,0,9,0,143,
,2020,4,8,84,2572,10,208,7,53,7,48,0,5,0,9,3,146,
,2020,4,9,118,2690,18,226,14,67,15,63,-1,4,1,10,3,149,
,2020,4,10,146,2836,13,239,3,70,2,65,1,5,0,10,10,159,
,2020,4,11,212,3048,16,255,16,86,16,81,0,5,0,10,0,159,
,2020,4,12,147,3195,12,267,9,95,9,90,0,5,1,11,2,161,
,2020,4,13,62,3257,5,272,5,100,4,94,1,6,0,11,0,161,
,2020,4,14,40,3297,18,290,16,116,16,110,0,6,2,13,0,161,
,2020,4,15,182,3479,23,313,19,135,19,129,0,6,1,14,3,164,
,2020,4,16,146,3625,23,336,16,151,15,144,1,7,0,14,7,171,
,2020,4,17,110,3735,33,369,25,176,23,167,2,9,2,16,6,177,
,2020,4,18,252,3987,38,407,36,212,36,203,0,9,2,18,0,177,
,2020,4,19,258,4245,27,434,25,237,25,228,0,9,0,18,2,179,
,2020,4,20,154,4399,17,451,8,245,8,236,0,9,3,21,6,185,
,2020,4,21,155,4554,22,473,16,261,15,251,1,10,2,23,4,189,
,2020,4,22,249,4803,22,495,12,273,14,265,-2,8,2,25,8,197,
